100
4860 1679 5238 4313 6528 4608 3735 1700 133 6331 820 3875 1784 6070 4433 6237 3368 6905 4023 767 6177 6581 4074 2936 395 5749 5033 4437 3222 3466 6632 3979 3238 6648 4469 695 2254 623 2253 4540 6699 173 2870 3581 5966 3692 4342 1347 2763 75 6150 4899 1239 951 2670 3212 6100 4843 4123 5758 6058 2299 4577 326 3233 4330 5355 3142 3658 6731 3237 529 5965 2751 4297 988 941 6207 2510 1924 6378 4235 2673 3833 2913 6053 6185 1584 6999 6034 5251 4544 3354 991 2520 203 3351 52 4666 310
10
40 53
12 43
29 95
8 91
35 63
19 76
82 98
23 65
16 75
49 73
