80
2424 6320 4703 3870 5932 1031 795 559 3784 4254 4011 844 4907 957 5927 776 1983 2192 6698 3211 2180 2767 6341 1727 1860 6345 2945 1517 3102 2232 5274 3861 4349 5698 2474 2961 2759 4521 1570 5620 6819 3334 6818 4435 3822 4984 763 3819 3092 6720 1414 238 2473 4150 2980 2271 497 6702 5396 3808 5155 541 3095 5411 1082 391 4126 2692 2259 2495 911 4942 3781 6031 3465 243 3772 6092 5626 1748
50
3 48
26 44
45 49
45 76
78 80
38 66
2 15
34 51
18 30
52 57
6 36
10 59
54 68
74 79
43 52
16 45
26 39
62 79
16 80
17 60
43 73
48 58
15 79
42 78
2 53
16 51
23 40
54 71
37 60
46 68
41 43
29 58
41 65
35 79
18 25
36 79
11 48
45 49
16 22
34 66
57 66
12 76
11 42
59 63
6 66
47 64
70 71
4 68
48 54
8 32
