80
5988 6218 3266 2936 6523 2084 1045 3898 2689 4863 228 676 4225 1192 2903 3141 3169 1820 3801 3802 3692 5257 4311 5438 3976 1357 3868 3821 1743 6411 2526 3952 3314 3324 2766 5944 3954 5009 2494 5981 2326 1351 1991 4057 4259 3257 461 3597 1677 393 2572 2329 1299 6834 3586 728 6580 3107 4551 6084 2127 5318 1459 6603 4754 1842 5650 4702 1499 6711 5504 4449 552 3791 5271 409 3605 752 401 1336
90
2 40
7 59
8 34
47 77
8 44
4 71
36 42
25 61
23 43
24 38
47 71
11 30
20 50
17 24
57 61
30 58
45 68
25 41
21 40
9 74
44 75
20 69
26 38
17 77
17 39
8 57
53 75
13 45
56 79
2 8
29 50
30 76
32 70
75 77
16 46
15 16
38 63
5 55
6 26
29 77
32 58
43 77
40 63
25 39
9 75
29 67
36 48
25 55
47 70
16 34
28 79
29 50
15 34
26 41
21 71
19 72
18 38
18 19
64 73
9 65
13 80
57 64
4 67
2 42
22 60
56 73
46 53
3 63
3 37
48 63
55 78
3 62
9 26
42 60
59 78
4 53
6 14
13 65
22 72
5 38
16 21
7 21
20 51
24 72
20 37
25 59
48 59
31 42
18 33
17 26
