100
3589 4203 6201 5783 3965 2451 292 820 3290 394 3311 5384 415 6470 97 6508 5699 3927 2662 6706 6967 461 5321 6050 743 836 374 175 2800 2900 2446 3875 1546 3700 286 6323 5079 714 1230 6129 5624 4820 303 5088 2891 1320 5323 2215 4831 459 2861 1243 526 3873 2626 4056 6638 5412 4655 1356 5190 4178 312 1095 6886 5354 2573 2115 561 2660 2401 3782 734 4228 821 1513 6647 3754 431 2320 5494 1679 75 4916 3588 4932 2488 5424 627 5042 715 5925 5374 6740 5231 1431 692 1289 1188 1004
100
33 82
86 96
2 44
16 85
11 80
18 89
34 50
71 90
12 59
9 84
44 87
6 73
33 46
11 84
46 73
11 83
16 50
80 81
58 93
41 50
18 97
65 78
29 35
62 63
66 91
23 29
49 96
23 63
36 83
53 88
52 92
82 96
5 36
46 78
73 77
27 67
47 60
29 58
89 99
5 8
29 31
39 95
3 25
70 93
71 84
61 72
24 38
50 68
42 77
8 42
10 94
61 86
1 40
61 93
40 84
10 62
22 40
57 98
38 63
55 84
47 94
29 43
16 99
43 52
66 71
14 52
31 34
15 51
79 83
66 69
56 96
25 60
12 87
3 63
63 89
57 81
11 46
1 67
48 78
1 91
6 63
12 24
8 43
50 70
49 62
46 69
89 94
67 77
7 80
17 78
44 50
24 63
68 79
26 73
43 64
37 86
29 67
10 18
2 43
64 85
