200
5238 2132 153 3866 1396 2007 4776 1176 4553 5463 188 4815 1916 3375 1623 722 6057 5462 2027 2038 715 1683 1960 6655 662 3364 5049 1675 5462 723 2404 5837 1290 1679 3813 6829 2332 785 2308 5820 6642 2443 182 5133 2946 1222 6091 5761 3703 4091 3405 1703 2230 2648 2678 2118 2500 5784 2713 962 6810 1721 6330 3034 2054 5550 1577 1489 3856 5410 404 3131 5466 3090 660 2712 6377 39 5036 1639 6262 6105 957 4503 2229 1587 5558 5608 3713 3536 6702 220 4535 4935 1118 1920 5673 4414 5506 5860 1949 1350 4077 6026 283 857 5889 3680 5608 4198 1898 1141 1539 6054 1941 3024 3458 1695 2297 3862 1035 6849 2455 6598 2488 5441 523 6062 1097 654 1115 5031 3557 6745 5074 4065 921 6367 2831 4731 4987 2275 1243 5893 2220 1666 3328 1686 4201 4384 339 176 6808 3775 4640 4962 663 3678 3190 5190 5489 2521 2701 1569 5836 2391 5745 1361 3546 2573 4355 3459 5260 6831 2501 2969 3676 5563 5345 2278 2996 2858 5212 3192 1959 1271 2802 6704 2209 5530 5450 5031 5468 6226 834 6458 4510 2148 6121 3186
3000
76 79
8 11
73 76
26 29
183 185
36 39
115 118
106 109
111 114
120 123
182 185
172 175
100 102
93 96
58 61
179 182
20 23
4 7
21 24
57 60
63 66
81 84
53 56
144 147
139 142
47 50
29 32
181 183
91 94
197 200
87 90
101 104
49 51
36 39
165 168
23 26
186 189
152 155
88 91
112 115
73 76
133 136
160 163
55 58
27 30
113 116
68 71
147 150
77 80
81 84
180 183
101 104
94 97
40 43
35 38
87 90
110 113
101 104
148 151
120 123
196 199
109 112
61 64
127 129
82 85
47 50
106 109
136 139
125 128
140 143
189 192
97 100
168 170
135 138
127 130
10 13
168 171
109 112
141 144
50 53
14 17
20 23
116 119
191 194
163 166
190 193
160 163
38 41
122 125
59 62
177 179
165 167
166 169
186 189
29 32
186 188
151 154
122 125
91 94
90 93
110 113
70 73
74 77
132 135
155 158
104 107
55 57
64 67
26 28
94 97
86 88
70 73
103 106
194 197
97 100
95 98
102 105
166 169
180 183
28 31
196 198
190 193
16 19
64 67
192 195
194 197
160 163
80 83
62 65
52 54
189 192
74 77
182 185
28 31
42 45
119 121
91 94
63 66
197 200
175 178
68 71
92 95
49 52
47 50
192 195
40 42
188 191
12 15
187 190
148 151
155 158
188 191
159 162
112 115
76 79
40 43
177 180
178 181
11 14
6 9
10 13
141 144
3 6
195 198
103 106
156 159
23 26
15 18
147 149
4 7
105 107
164 167
104 107
112 115
32 35
11 14
145 148
88 91
72 75
44 47
132 135
195 198
174 177
36 39
87 90
39 42
106 109
171 173
70 73
186 189
2 4
24 27
98 101
143 146
89 92
11 14
141 144
112 115
103 106
184 186
35 38
166 169
40 43
165 168
61 64
24 27
147 150
90 93
161 164
113 116
82 85
134 137
107 110
10 13
90 93
20 23
166 169
192 195
177 180
98 100
59 62
47 50
168 171
167 170
103 106
159 162
190 193
45 48
150 153
1 4
166 168
16 19
71 74
90 93
5 8
97 100
33 36
191 194
174 177
53 56
3 5
10 13
167 170
128 131
137 140
189 192
49 52
45 47
74 77
39 42
52 55
126 129
147 149
20 23
64 67
180 183
1 4
145 148
55 58
108 111
11 14
172 175
142 145
38 41
121 124
10 13
175 178
92 95
125 128
37 40
82 85
132 135
35 38
173 176
163 166
145 148
51 54
78 81
29 31
141 144
31 34
119 122
9 12
140 143
84 86
40 43
194 197
158 160
9 12
170 173
86 88
17 19
3 6
167 170
128 131
95 98
197 200
139 142
19 21
150 153
187 190
30 33
86 89
141 144
98 101
153 156
42 45
128 131
169 171
32 34
131 134
128 131
48 50
112 114
112 115
164 167
82 85
108 111
156 158
126 129
121 124
63 66
36 39
145 148
59 62
167 170
28 31
60 63
2 5
109 112
15 18
136 139
39 41
144 147
66 69
97 100
89 92
43 46
149 152
30 33
151 154
21 24
195 198
163 166
116 119
33 36
22 25
72 75
19 22
194 197
192 195
57 60
60 63
73 76
38 40
29 32
135 138
143 146
154 157
95 98
21 24
85 88
5 8
51 53
50 52
183 186
41 44
55 58
14 17
186 189
27 30
58 61
60 63
127 130
114 117
15 18
26 29
115 118
166 169
128 131
152 154
59 62
171 174
185 188
193 196
98 101
67 70
75 78
60 63
105 108
14 17
19 22
76 79
167 169
131 134
136 139
68 71
142 144
21 24
118 121
77 80
151 154
128 131
194 197
109 112
18 21
177 180
85 88
54 57
87 90
111 114
151 154
195 198
174 177
121 124
65 68
63 66
18 21
166 169
118 121
20 23
99 102
121 124
177 180
163 166
167 170
124 126
152 155
188 191
134 137
153 156
164 167
77 80
143 145
68 71
124 127
194 197
72 75
158 160
17 20
79 81
94 97
41 44
165 168
104 107
33 36
121 124
121 124
154 157
59 62
173 176
75 78
24 27
125 128
103 106
95 98
136 139
95 97
26 29
187 190
84 87
148 151
120 123
18 21
138 141
40 42
196 199
144 147
122 125
181 184
123 126
24 27
168 171
80 83
171 174
183 186
148 151
129 132
113 116
35 38
9 12
108 111
70 73
123 126
114 117
57 60
94 97
86 89
116 119
176 179
24 26
59 62
187 190
159 162
134 137
35 38
39 42
184 187
174 177
37 40
168 171
33 36
55 58
7 10
42 44
99 102
130 133
65 68
44 47
62 65
19 22
194 197
48 51
21 24
169 172
151 154
195 198
127 130
102 105
12 15
168 171
181 184
58 61
157 160
104 107
139 142
93 96
63 66
36 39
52 55
182 184
11 14
34 37
13 16
133 136
36 39
29 32
128 131
39 42
87 90
197 200
190 193
67 70
83 86
11 14
189 192
63 66
154 157
73 76
1 4
181 184
25 28
72 75
7 10
8 11
52 55
149 152
169 172
106 108
87 90
107 110
48 51
42 45
75 78
25 28
164 167
8 11
107 110
15 17
144 147
66 69
12 15
5 8
45 48
157 160
108 111
40 43
38 41
1 4
181 184
148 151
45 48
194 197
109 112
18 21
63 66
6 9
166 168
107 110
15 18
185 188
67 70
93 96
34 37
129 132
72 75
156 159
181 184
2 5
87 90
36 39
78 81
178 181
175 178
118 121
139 142
11 14
83 86
51 54
69 72
17 20
44 46
99 101
62 65
144 147
123 126
146 149
2 5
95 98
193 196
44 47
70 73
144 147
115 118
84 87
192 195
160 163
148 151
172 175
30 33
39 42
114 117
5 8
18 20
184 187
187 190
36 39
45 48
138 141
44 47
27 30
150 153
18 21
127 130
109 112
41 44
13 16
187 190
67 70
104 105
32 35
81 84
50 53
95 98
154 157
94 96
12 15
15 18
106 109
134 137
52 55
175 178
38 41
18 21
157 160
113 116
40 43
91 94
9 12
72 75
3 6
113 116
48 51
127 130
84 87
24 26
26 29
189 192
161 164
194 197
6 9
110 113
180 183
117 120
187 190
38 41
103 106
168 170
142 145
13 16
100 103
1 4
182 185
156 159
61 64
63 66
152 155
144 147
11 14
178 180
22 25
76 79
47 50
126 129
9 12
88 91
60 63
29 32
170 173
35 38
124 127
40 43
192 195
78 81
163 166
16 19
55 58
170 173
188 191
93 96
78 81
80 83
9 12
112 115
132 135
8 11
59 62
2 5
56 59
97 100
183 185
175 178
143 146
149 152
122 125
14 16
95 98
104 107
99 102
184 187
126 129
170 173
72 75
22 25
99 102
182 184
67 70
17 20
22 25
60 63
139 142
153 156
3 6
97 100
188 191
119 122
162 164
5 8
173 176
100 102
39 42
121 124
22 25
17 20
134 137
52 55
147 150
109 112
169 172
158 161
91 94
163 166
163 166
134 137
99 102
67 70
16 19
86 89
150 153
157 159
58 61
125 128
157 159
81 84
45 48
43 46
70 73
80 83
49 52
99 101
10 13
19 22
143 146
124 127
153 156
164 167
143 146
31 34
62 65
102 105
46 48
18 21
196 199
129 132
166 168
111 114
168 171
43 46
173 176
79 82
31 34
149 152
158 161
49 52
145 148
109 112
40 43
65 68
42 45
3 6
171 174
176 179
115 118
111 113
67 70
119 122
169 172
167 170
151 154
153 156
45 48
93 96
117 120
15 18
153 156
49 52
54 57
106 109
159 162
66 69
186 189
26 29
112 115
3 5
83 86
25 27
81 84
173 176
180 183
64 67
84 87
23 26
23 26
49 52
56 58
28 31
195 198
174 177
140 143
164 167
85 88
40 43
14 17
76 79
153 156
10 12
106 109
94 97
66 69
50 53
94 97
194 197
128 131
159 162
96 99
106 109
4 7
63 66
176 179
53 55
181 183
163 166
80 83
84 86
35 38
24 26
84 87
23 26
172 175
77 80
161 164
71 74
7 10
28 31
82 85
61 64
137 140
35 38
64 67
191 194
60 63
132 135
24 26
7 10
114 117
127 130
168 170
79 81
50 53
135 138
168 171
16 19
5 8
45 48
110 113
20 23
149 152
42 45
151 154
120 123
41 44
132 135
26 29
132 135
125 128
109 111
9 12
65 68
64 67
36 39
79 81
186 188
34 37
184 187
131 134
180 183
155 158
153 156
65 68
119 122
14 17
135 138
153 156
27 30
117 120
82 85
16 19
69 72
16 19
189 192
109 112
55 58
190 193
74 77
110 113
64 67
127 130
128 131
194 197
15 18
124 127
182 185
153 156
25 28
169 172
183 186
50 53
1 4
121 124
187 190
31 33
163 166
99 101
61 64
175 178
194 196
32 35
87 90
121 124
134 137
72 74
58 61
13 16
67 70
187 190
2 5
141 144
144 147
194 197
13 16
112 115
185 188
96 99
5 7
188 191
74 77
101 104
9 12
124 127
51 54
168 171
29 32
12 15
166 169
136 139
65 68
27 30
38 41
162 165
178 181
143 146
173 176
60 62
21 24
152 155
34 37
126 129
82 85
43 45
86 89
119 122
131 133
130 132
47 50
149 152
76 79
51 54
82 85
61 63
137 140
43 46
151 154
152 155
142 145
125 128
195 198
9 12
30 33
165 168
116 119
72 75
170 173
37 40
141 144
9 12
177 180
130 133
141 144
74 77
53 56
171 174
186 189
192 195
174 177
9 12
115 118
85 88
143 146
3 6
191 194
190 193
81 84
161 164
151 154
93 96
102 105
30 33
126 128
42 45
1 4
185 188
191 194
75 77
46 49
158 161
45 48
112 115
29 32
76 79
151 154
23 26
27 30
95 98
61 64
3 6
126 129
33 36
142 145
117 120
13 16
70 73
169 171
96 99
16 19
119 122
14 17
188 191
166 169
184 187
13 15
28 31
141 143
170 173
151 154
79 82
46 49
181 184
107 110
183 186
148 151
168 171
164 167
120 123
45 48
102 105
134 137
55 58
70 73
14 17
103 106
73 76
101 104
145 148
51 54
108 111
190 193
57 60
188 191
180 183
190 193
115 118
172 175
75 78
99 102
43 46
121 124
2 5
99 101
36 38
36 39
179 182
21 24
62 65
68 71
177 180
84 87
125 128
179 181
46 49
59 62
168 171
120 123
169 172
102 105
150 153
144 147
75 78
82 85
176 179
84 87
174 177
69 72
77 80
163 166
106 109
57 60
145 148
100 103
128 131
136 139
89 92
184 186
47 50
50 53
105 107
44 47
22 25
63 66
134 137
53 56
126 129
61 64
190 193
144 147
12 15
152 155
113 116
82 85
3 6
60 62
186 189
8 11
80 83
91 94
164 167
119 122
115 118
120 123
182 185
149 152
61 64
151 154
190 193
171 173
12 15
154 157
114 117
116 119
88 91
37 40
146 149
45 47
139 142
127 130
164 167
25 27
85 87
167 170
111 114
113 116
105 108
160 163
189 192
167 170
190 193
186 189
163 166
21 24
64 67
33 36
148 151
181 184
29 32
117 120
87 90
24 27
140 143
60 63
9 12
171 174
24 27
94 97
146 149
106 109
18 21
48 51
45 48
123 126
170 173
108 111
115 118
111 114
150 153
123 126
150 153
48 51
114 117
129 132
116 119
106 109
181 184
50 53
27 30
98 101
96 99
70 73
43 46
51 54
51 54
176 179
50 53
30 33
83 86
63 66
60 63
191 194
16 19
134 137
73 76
64 67
163 166
52 55
140 143
15 17
136 139
57 60
85 88
112 115
96 99
28 30
2 5
52 55
77 80
22 25
87 88
80 83
37 40
129 132
155 158
97 100
169 172
111 114
151 154
137 140
158 161
47 50
173 176
14 17
147 150
24 27
135 138
57 60
132 135
97 100
8 10
46 49
20 23
22 25
109 112
28 31
136 139
111 114
7 10
61 64
47 50
74 77
103 106
33 36
3 6
154 157
61 64
134 137
9 12
189 192
31 34
46 48
59 62
105 108
112 115
136 139
54 57
1 4
50 53
94 97
19 22
76 79
168 171
163 166
157 159
158 161
48 51
183 186
22 25
186 189
106 109
115 118
45 48
72 75
191 194
87 90
140 143
160 163
128 131
77 80
66 69
162 165
96 99
36 39
131 134
51 54
186 189
40 43
25 28
193 195
188 191
38 41
174 177
91 94
17 20
33 35
181 184
176 179
109 112
21 24
32 35
87 90
194 197
19 22
72 75
158 161
144 147
18 21
125 128
78 81
147 150
158 161
85 88
12 15
164 167
56 59
61 64
66 69
78 81
171 174
118 121
83 86
110 113
60 63
126 129
153 156
61 64
137 140
126 129
176 178
69 72
44 47
149 151
189 192
194 197
73 76
192 195
116 119
178 181
113 116
36 39
160 163
30 33
83 86
131 134
44 47
101 104
5 8
104 107
194 197
44 47
187 190
73 76
81 84
47 49
176 179
81 84
130 133
171 174
192 195
2 5
80 83
36 39
58 61
101 104
170 173
64 67
169 172
56 59
147 150
71 74
190 193
14 17
150 153
75 78
145 147
197 200
120 123
70 73
11 14
13 15
154 157
75 78
88 91
116 119
42 45
147 150
167 170
89 92
15 18
113 116
191 194
119 122
111 114
163 166
51 54
91 94
5 8
136 139
142 145
156 159
97 100
128 131
65 67
25 28
127 130
139 142
74 77
178 181
120 123
115 118
189 192
39 42
91 94
130 133
27 30
158 161
52 55
145 148
110 113
4 7
91 94
158 161
94 97
34 37
4 7
135 138
44 46
65 68
110 113
179 182
32 35
98 101
124 127
126 129
120 123
19 22
162 165
83 86
28 31
116 119
60 63
37 40
110 113
38 41
61 64
127 130
70 73
28 31
46 49
165 168
72 75
38 41
157 160
165 168
177 180
169 172
83 86
116 119
47 50
70 73
77 80
197 200
60 63
19 22
27 30
105 108
189 192
74 77
11 14
48 51
111 114
80 82
4 7
46 49
31 34
144 147
93 96
150 153
164 167
72 75
124 127
24 27
110 113
131 134
84 87
64 67
16 19
112 115
130 133
57 60
75 77
182 185
10 13
109 112
174 177
49 52
57 59
83 86
125 128
154 157
190 193
193 196
29 32
85 87
113 116
109 112
176 179
170 172
86 89
152 154
129 132
161 164
22 25
89 92
180 183
102 105
155 158
127 130
23 26
198 200
102 105
74 77
71 74
64 67
36 39
14 17
24 27
16 19
18 19
97 100
63 65
66 69
61 64
45 48
178 181
172 175
153 156
176 179
167 170
34 37
19 22
76 79
19 22
42 45
173 176
40 43
36 39
183 186
7 10
72 75
20 23
157 160
117 120
59 62
150 152
91 94
123 126
154 157
101 104
172 175
157 160
38 41
178 181
59 62
96 99
15 17
185 188
4 7
73 76
75 78
27 30
65 68
193 196
115 118
194 197
104 107
153 155
6 9
180 183
54 57
14 17
156 159
183 186
94 97
189 191
3 6
100 103
92 95
152 155
168 171
22 25
103 106
13 15
132 135
49 52
153 156
100 103
80 83
128 131
163 166
190 193
186 189
70 73
193 196
165 168
106 109
27 30
124 127
32 35
153 156
59 62
64 67
160 163
34 37
77 80
166 169
99 101
120 123
81 83
189 192
103 106
68 71
12 15
169 172
88 91
162 165
158 161
145 148
5 8
47 50
71 74
10 12
76 79
8 11
128 131
166 169
60 62
168 171
176 179
43 46
117 120
9 12
86 89
49 52
190 193
77 80
84 87
99 101
177 180
39 42
154 157
118 121
196 199
12 15
123 126
58 61
160 163
49 52
138 141
34 37
21 23
111 114
78 81
40 43
73 76
179 182
114 117
192 195
20 23
59 62
101 103
26 29
115 117
156 159
129 132
70 73
49 52
183 186
103 106
129 132
181 184
154 157
80 83
164 167
185 188
27 30
136 139
86 89
7 10
10 13
180 183
143 146
138 141
47 50
24 27
39 42
134 137
123 126
132 135
165 168
79 81
89 92
8 11
145 148
44 47
81 84
32 35
187 190
77 80
9 12
35 38
35 38
113 116
62 65
111 114
35 38
112 115
69 72
189 192
2 5
77 80
56 59
179 182
188 191
42 45
57 60
106 109
121 124
47 50
110 113
62 65
62 65
3 6
142 145
14 17
123 126
144 147
60 63
33 36
6 9
45 48
69 72
52 55
183 186
161 164
41 44
57 60
5 8
4 7
32 35
33 36
116 119
187 190
49 52
131 134
144 147
121 124
70 73
77 80
179 181
137 140
165 168
45 48
163 166
98 101
170 173
20 23
5 8
178 181
75 77
150 153
90 93
35 38
153 156
104 107
168 171
102 105
63 66
173 176
101 104
61 63
9 12
104 107
112 115
79 82
152 155
194 197
146 149
167 170
55 58
163 166
189 192
179 182
133 136
79 82
19 22
132 135
9 12
137 139
13 16
63 66
123 126
100 103
109 112
147 150
115 117
107 110
191 194
81 84
112 115
147 150
195 198
140 143
174 177
63 66
95 98
29 32
35 38
81 84
62 65
181 184
16 19
9 12
97 100
152 154
50 53
141 144
53 56
176 179
104 107
113 116
37 40
23 26
42 44
184 187
17 20
160 163
70 73
168 171
11 14
106 109
61 64
91 94
195 198
143 146
140 143
146 149
96 99
194 197
175 177
171 174
135 138
102 104
29 32
64 66
4 7
94 96
8 11
175 178
162 165
41 44
156 159
41 44
144 147
193 195
12 15
31 34
14 17
131 133
114 117
145 148
76 79
75 78
122 125
54 57
115 118
27 30
111 114
74 77
196 199
65 67
153 156
64 67
102 105
39 42
61 64
38 41
101 103
193 196
186 189
191 194
10 13
13 16
96 99
98 101
87 90
36 39
158 161
77 80
96 99
87 89
99 102
83 86
88 91
61 64
138 141
29 32
181 184
57 60
176 179
54 57
5 8
35 38
174 177
196 198
102 105
104 106
194 197
131 134
142 145
96 99
30 32
38 41
79 82
88 91
62 65
108 111
145 148
133 136
193 196
185 188
134 137
16 19
53 56
86 89
108 111
105 108
127 130
102 105
98 101
78 81
32 35
1 4
88 91
182 185
38 41
174 177
180 183
13 16
156 159
96 99
55 58
144 147
17 20
19 22
89 91
130 133
129 132
116 119
6 9
98 101
58 61
32 35
157 160
141 144
8 10
189 192
192 195
74 77
166 169
75 78
58 61
148 151
197 200
6 9
109 112
146 149
38 41
66 69
128 131
137 140
122 125
177 180
13 16
101 104
99 102
13 16
8 11
125 127
77 80
12 15
139 142
36 39
48 50
137 140
45 47
169 172
122 125
190 193
100 103
142 145
19 22
87 90
170 173
23 26
12 15
131 134
57 60
15 18
144 147
141 144
55 58
30 33
23 26
146 149
60 63
174 177
63 66
55 58
140 143
70 73
112 115
98 101
187 190
122 125
35 38
133 136
90 93
102 105
55 58
45 48
120 123
34 37
102 105
178 181
135 138
32 35
98 101
160 163
19 22
162 165
118 121
187 190
82 85
174 177
39 42
38 41
140 143
193 196
184 187
165 168
90 93
47 50
111 114
176 178
27 30
177 180
158 161
59 62
54 57
58 61
136 139
124 127
21 24
111 114
56 59
168 171
57 60
68 70
7 10
36 39
10 12
152 155
62 65
157 160
85 88
107 110
79 82
109 112
195 198
93 96
124 127
147 150
90 93
35 38
119 122
173 176
36 39
23 26
8 11
48 51
83 86
21 24
162 165
17 20
28 31
55 58
154 157
24 26
127 130
133 136
139 142
84 87
186 189
56 58
69 72
167 170
171 173
49 52
91 94
50 53
90 93
109 111
13 16
14 17
195 198
98 101
76 79
138 141
176 179
178 181
111 114
122 125
184 187
168 170
34 37
103 106
23 26
91 94
6 9
102 105
27 30
178 181
122 125
173 175
13 16
53 56
106 109
133 136
8 11
22 25
118 121
82 85
103 106
114 117
179 182
38 41
60 63
50 53
22 25
139 142
57 60
151 153
107 110
181 183
195 197
13 16
166 169
41 44
71 74
149 152
44 47
178 181
180 183
5 8
46 49
143 146
168 171
179 182
42 45
98 100
39 42
188 191
181 184
115 118
195 198
23 26
68 70
137 140
57 60
146 149
150 153
6 9
165 168
29 32
171 174
111 113
106 109
1 4
91 93
150 153
101 104
149 152
174 177
181 184
58 61
136 138
145 148
125 128
38 41
151 154
177 180
67 70
83 86
42 45
16 19
96 99
56 59
50 53
102 105
87 90
96 99
42 45
122 125
157 160
35 38
84 87
61 63
190 193
29 32
151 154
151 154
98 101
142 145
169 172
160 163
66 69
57 60
182 184
172 175
175 178
87 90
73 75
74 77
98 99
137 140
80 83
132 135
138 141
73 76
119 122
165 167
146 149
100 103
65 68
166 169
175 178
148 151
40 43
145 148
99 102
18 21
24 27
29 32
67 69
175 178
68 71
115 118
42 45
4 6
184 187
138 141
76 79
118 121
126 129
114 117
186 189
55 58
105 108
114 116
128 131
76 79
35 38
186 189
169 172
188 191
151 154
8 11
34 37
129 132
197 200
128 131
159 162
58 61
53 56
189 192
18 21
123 126
70 72
97 100
37 40
103 106
47 50
29 32
126 128
105 108
4 7
122 125
40 43
78 80
132 135
74 77
141 144
85 87
123 126
157 160
185 188
192 195
97 100
130 133
36 39
18 21
55 58
127 130
134 137
115 118
58 61
160 163
192 195
175 178
135 138
145 148
50 53
168 171
39 42
116 119
99 102
22 25
133 136
130 133
124 127
33 36
173 176
92 95
133 136
129 132
22 25
22 25
123 126
108 110
25 28
163 166
173 176
195 198
197 200
162 165
23 26
34 37
169 172
61 64
79 82
117 119
113 116
59 62
107 110
115 118
171 174
156 159
61 64
105 108
192 195
119 122
104 106
17 20
88 91
186 189
187 190
181 183
109 112
4 7
26 29
85 88
139 142
191 194
106 109
111 114
103 106
42 45
134 137
106 109
78 81
119 122
164 167
29 32
76 79
174 177
20 23
49 52
63 66
123 125
137 139
15 18
83 86
135 138
43 46
167 170
148 151
25 28
111 114
92 95
98 101
90 92
161 164
48 51
119 122
145 148
84 87
166 169
173 176
181 184
51 54
172 175
97 100
150 153
133 136
162 165
185 188
125 128
92 95
72 75
173 176
177 180
45 48
77 80
182 185
160 163
149 152
155 158
115 118
80 83
58 61
43 46
139 142
93 96
191 194
93 96
115 118
78 81
113 116
192 195
14 17
75 78
172 175
98 101
164 167
150 153
155 158
74 77
70 73
44 46
81 84
12 14
136 139
83 86
64 67
165 168
174 177
3 6
179 182
108 111
131 134
193 195
129 132
32 35
100 103
134 137
153 156
113 116
104 107
65 68
65 68
1 4
182 185
11 14
105 108
159 162
82 85
70 73
114 117
187 190
39 42
107 110
147 150
121 124
143 146
91 94
4 7
93 96
35 38
32 35
32 35
106 108
92 95
94 97
23 26
143 146
9 12
135 138
67 70
19 22
145 148
72 75
74 77
37 40
129 132
33 36
6 9
177 180
105 108
128 131
160 163
124 127
73 76
50 53
81 84
172 175
105 108
15 18
36 39
83 86
127 130
124 127
16 19
96 99
163 166
33 36
108 111
151 154
77 80
6 9
74 77
134 137
17 19
123 126
181 184
147 150
142 144
70 73
50 53
81 84
58 61
15 18
144 147
12 15
93 96
27 30
31 33
34 37
9 12
183 186
122 125
143 146
31 34
77 80
12 15
24 27
179 182
127 130
3 6
36 39
181 184
11 14
91 94
70 73
95 98
63 66
74 77
115 118
132 135
145 148
154 157
67 70
21 24
43 46
157 160
128 130
118 121
98 101
152 155
17 20
36 39
58 61
57 60
100 103
106 109
185 188
106 109
148 151
132 135
123 126
126 129
19 22
104 107
29 32
103 106
191 194
186 189
87 90
187 190
137 140
120 123
79 82
37 40
5 7
135 138
194 197
31 34
159 162
161 164
80 83
98 101
48 51
17 20
2 5
82 85
184 186
105 108
46 49
176 179
106 109
164 167
134 137
163 166
130 133
87 90
142 144
54 57
15 18
133 136
15 18
180 183
122 125
147 150
112 115
29 32
182 185
20 23
58 61
82 85
11 14
181 184
150 153
145 148
150 153
64 67
48 50
9 12
146 149
99 102
125 128
94 97
179 182
58 61
177 180
106 109
56 58
135 138
148 151
71 74
62 65
140 142
140 143
22 25
156 159
14 17
64 67
131 134
74 77
17 19
193 196
83 86
191 193
161 164
116 119
49 52
165 168
81 84
101 104
30 33
79 82
18 21
176 179
68 71
111 114
43 46
134 136
38 41
39 41
81 84
158 161
92 95
20 23
131 134
188 191
133 136
185 188
20 23
23 26
132 135
129 132
124 127
18 21
93 96
42 45
91 94
177 179
72 75
129 132
63 66
149 152
16 19
75 78
144 147
6 9
52 55
141 144
121 124
191 193
108 111
139 142
57 60
76 79
10 13
187 190
184 187
189 192
85 88
70 73
140 143
132 135
186 189
43 46
32 34
184 187
131 134
32 35
111 114
26 29
113 116
168 171
171 174
51 54
89 92
179 182
58 61
63 65
151 154
45 47
181 184
155 158
13 16
176 179
111 114
186 189
17 20
101 104
108 110
54 57
53 55
90 93
82 85
106 109
146 149
126 129
108 111
27 30
108 111
82 85
44 47
27 30
141 144
192 195
14 16
11 14
10 13
155 158
172 175
165 168
152 154
68 71
25 28
95 98
128 131
105 107
15 18
164 167
195 198
12 15
53 56
134 137
121 124
185 188
121 124
27 30
123 126
141 144
96 99
68 71
54 56
150 153
112 115
171 173
109 112
15 18
25 28
178 181
109 112
128 131
149 152
76 79
148 151
172 175
135 138
148 151
70 73
66 69
98 101
14 17
2 5
65 68
107 110
117 119
184 187
17 19
118 120
86 89
50 52
157 160
27 30
164 166
175 177
87 90
184 187
121 124
191 194
6 8
190 193
52 55
77 80
108 111
160 163
171 174
39 42
51 54
18 21
173 175
18 21
89 92
174 177
20 23
50 53
55 58
33 36
105 107
35 38
175 178
165 168
189 192
82 85
177 180
57 60
128 131
35 38
124 127
7 10
104 107
181 184
2 5
88 91
124 127
46 49
39 42
127 130
93 96
72 75
151 154
22 25
119 122
121 124
143 146
94 96
61 64
14 17
124 127
169 172
146 149
196 199
79 82
61 63
133 136
102 103
167 170
81 84
197 200
138 141
33 36
188 191
10 13
133 136
125 128
44 47
126 129
180 183
189 192
86 89
39 42
114 117
129 132
116 119
156 159
63 66
173 176
96 99
16 19
58 61
